n = 524288  reported = 0.9629011010961752
D = 1  maxA bitlen = 31  minA = 0
b_needed = 84  chosen b = 96  nb = 12 bytes
P bits = 50329348  squaring...
squaring done in 17.5s
S1 == (sum A)^2 checksum: PASS
S1 = 7973480668564803823766721
Linf = 12213062984825962404
S2 = 281303723331132979367762786706501591692563666
exact_num = 140651861665566489683881393353250795846281833
exact_den = 146070932420211259869783468438333325818535926
exact_decimal = 0.96290110109617569128850130536027793478903084944204929033040893014920937160324880
float(exact) = 0.9629011010961757
reported     = 0.9629011010961752
abs diff float(exact) vs reported = 4.441e-16
saved board3_exact_result_v2.json (cwd)
TOTAL 18.0s
